HANCER LERX/GLOVE BLEND w=0.75: (1-w) NACA 0016-34 (four-digit modified) + w NLF(1)-0416 (sizing.py glove_airfoil_coords)
  1.0000000  0.0004000
  0.9999036  0.0004262
  0.9996145  0.0005049
  0.9991328  0.0006364
  0.9984587  0.0008213
  0.9975924  0.0010611
  0.9965342  0.0013585
  0.9952847  0.0017162
  0.9938442  0.0021351
  0.9922133  0.0026156
  0.9903926  0.0031564
  0.9883829  0.0037542
  0.9861850  0.0044040
  0.9837995  0.0051142
  0.9812276  0.0058852
  0.9784702  0.0067097
  0.9755283  0.0075771
  0.9724030  0.0084728
  0.9690957  0.0093908
  0.9656075  0.0103414
  0.9619398  0.0113208
  0.9580940  0.0123241
  0.9540716  0.0133461
  0.9498741  0.0143815
  0.9455033  0.0154295
  0.9409606  0.0164911
  0.9362480  0.0175684
  0.9313672  0.0186645
  0.9263201  0.0197835
  0.9211086  0.0209192
  0.9157348  0.0220688
  0.9102007  0.0232340
  0.9045085  0.0244171
  0.8986603  0.0256213
  0.8926585  0.0268464
  0.8865052  0.0280875
  0.8802030  0.0293440
  0.8737542  0.0306156
  0.8671613  0.0319020
  0.8604268  0.0332030
  0.8535534  0.0345159
  0.8465437  0.0358399
  0.8394004  0.0371751
  0.8321262  0.0385217
  0.8247240  0.0398801
  0.8171966  0.0412489
  0.8095470  0.0426265
  0.8017780  0.0440117
  0.7938926  0.0454035
  0.7858940  0.0468009
  0.7777851  0.0482030
  0.7695692  0.0496088
  0.7612493  0.0510173
  0.7528287  0.0524276
  0.7443106  0.0538389
  0.7356984  0.0552501
  0.7269952  0.0566608
  0.7182046  0.0580698
  0.7093299  0.0594759
  0.7003744  0.0608778
  0.6913417  0.0622742
  0.6822352  0.0636651
  0.6730585  0.0650500
  0.6638151  0.0664270
  0.6545085  0.0677943
  0.6451423  0.0691499
  0.6357202  0.0704932
  0.6262458  0.0718254
  0.6167227  0.0731445
  0.6071546  0.0744481
  0.5975452  0.0757337
  0.5878981  0.0769999
  0.5782172  0.0782502
  0.5685062  0.0794822
  0.5587687  0.0806924
  0.5490086  0.0818771
  0.5392295  0.0830336
  0.5294354  0.0841673
  0.5196299  0.0852771
  0.5098168  0.0863581
  0.5000000  0.0874055
  0.4901832  0.0884149
  0.4803701  0.0893971
  0.4705646  0.0903519
  0.4607705  0.0912687
  0.4509914  0.0921371
  0.4412313  0.0929473
  0.4314938  0.0937242
  0.4217828  0.0944707
  0.4121019  0.0951624
  0.4024548  0.0957756
  0.3928454  0.0962892
  0.3832773  0.0967721
  0.3737542  0.0972259
  0.3642798  0.0975943
  0.3548577  0.0978229
  0.3454915  0.0978694
  0.3361849  0.0978477
  0.3269415  0.0978030
  0.3177648  0.0977340
  0.3086583  0.0976395
  0.2996256  0.0974957
  0.2906701  0.0971910
  0.2817954  0.0967544
  0.2730048  0.0962361
  0.2643016  0.0956835
  0.2556894  0.0951014
  0.2471713  0.0944151
  0.2387507  0.0936423
  0.2304308  0.0928054
  0.2222149  0.0919252
  0.2141060  0.0909873
  0.2061074  0.0899646
  0.1982220  0.0888717
  0.1904530  0.0877224
  0.1828034  0.0865293
  0.1752760  0.0852725
  0.1678738  0.0839452
  0.1605996  0.0825581
  0.1534563  0.0811211
  0.1464466  0.0796406
  0.1395732  0.0780975
  0.1328387  0.0764947
  0.1262458  0.0748416
  0.1197970  0.0731469
  0.1134948  0.0714130
  0.1073415  0.0696264
  0.1013397  0.0677922
  0.0954915  0.0659174
  0.0897993  0.0640085
  0.0842652  0.0620628
  0.0788914  0.0600740
  0.0736799  0.0580486
  0.0686328  0.0559938
  0.0637520  0.0539162
  0.0590394  0.0518124
  0.0544967  0.0496810
  0.0501259  0.0475258
  0.0459284  0.0453522
  0.0419060  0.0431662
  0.0380602  0.0409679
  0.0343925  0.0387557
  0.0309043  0.0365315
  0.0275970  0.0343008
  0.0244717  0.0320752
  0.0215298  0.0298579
  0.0187724  0.0276395
  0.0162005  0.0254201
  0.0138150  0.0232084
  0.0116171  0.0210574
  0.0096074  0.0189450
  0.0077867  0.0168261
  0.0061558  0.0146968
  0.0047153  0.0126058
  0.0034658  0.0107987
  0.0024076  0.0089807
  0.0015413  0.0070217
  0.0008672  0.0050440
  0.0003855  0.0031786
  0.0000964  0.0009625
  0.0000000  0.0000000
  0.0000964  -0.0007880
  0.0003855  -0.0026354
  0.0008672  -0.0044338
  0.0015413  -0.0057747
  0.0024076  -0.0071477
  0.0034658  -0.0084372
  0.0047153  -0.0095963
  0.0061558  -0.0107021
  0.0077867  -0.0119760
  0.0096074  -0.0133153
  0.0116171  -0.0146448
  0.0138150  -0.0159589
  0.0162005  -0.0172659
  0.0187724  -0.0185912
  0.0215298  -0.0199593
  0.0244717  -0.0213362
  0.0275970  -0.0227129
  0.0309043  -0.0240852
  0.0343925  -0.0254511
  0.0380602  -0.0268114
  0.0419060  -0.0281669
  0.0459284  -0.0295140
  0.0501259  -0.0308484
  0.0544967  -0.0321671
  0.0590394  -0.0334677
  0.0637520  -0.0347522
  0.0686328  -0.0360222
  0.0736799  -0.0372736
  0.0788914  -0.0385025
  0.0842652  -0.0397056
  0.0897993  -0.0408824
  0.0954915  -0.0420395
  0.1013397  -0.0431733
  0.1073415  -0.0442796
  0.1134948  -0.0453538
  0.1197970  -0.0463933
  0.1262458  -0.0474072
  0.1328387  -0.0483943
  0.1395732  -0.0493501
  0.1464466  -0.0502701
  0.1534563  -0.0511501
  0.1605996  -0.0520005
  0.1678738  -0.0528232
  0.1752760  -0.0536123
  0.1828034  -0.0543616
  0.1904530  -0.0550645
  0.1982220  -0.0557305
  0.2061074  -0.0563691
  0.2141060  -0.0569732
  0.2222149  -0.0575352
  0.2304308  -0.0580468
  0.2387507  -0.0585157
  0.2471713  -0.0589652
  0.2556894  -0.0593827
  0.2643016  -0.0597536
  0.2730048  -0.0600624
  0.2817954  -0.0603055
  0.2906701  -0.0605244
  0.2996256  -0.0607204
  0.3086583  -0.0608888
  0.3177648  -0.0610249
  0.3269415  -0.0611215
  0.3361849  -0.0611590
  0.3454915  -0.0611428
  0.3548577  -0.0610847
  0.3642798  -0.0609971
  0.3737542  -0.0608912
  0.3832773  -0.0607364
  0.3928454  -0.0605234
  0.4024548  -0.0602624
  0.4121019  -0.0599639
  0.4217828  -0.0596384
  0.4314938  -0.0592714
  0.4412313  -0.0588499
  0.4509914  -0.0583806
  0.4607705  -0.0578701
  0.4705646  -0.0573252
  0.4803701  -0.0567434
  0.4901832  -0.0561133
  0.5000000  -0.0554343
  0.5098168  -0.0547056
  0.5196299  -0.0539269
  0.5294354  -0.0530952
  0.5392295  -0.0522025
  0.5490086  -0.0512444
  0.5587687  -0.0502168
  0.5685062  -0.0491159
  0.5782172  -0.0479220
  0.5878981  -0.0466046
  0.5975452  -0.0451894
  0.6071546  -0.0437042
  0.6167227  -0.0421766
  0.6262458  -0.0406099
  0.6357202  -0.0389515
  0.6451423  -0.0372322
  0.6545085  -0.0354895
  0.6638151  -0.0337599
  0.6730585  -0.0320737
  0.6822352  -0.0303924
  0.6913417  -0.0287132
  0.7003744  -0.0270533
  0.7093299  -0.0254291
  0.7182046  -0.0238562
  0.7269952  -0.0223372
  0.7356984  -0.0208460
  0.7443106  -0.0193894
  0.7528287  -0.0179764
  0.7612493  -0.0166151
  0.7695692  -0.0153134
  0.7777851  -0.0140642
  0.7858940  -0.0128442
  0.7938926  -0.0116639
  0.8017780  -0.0105343
  0.8095470  -0.0094652
  0.8171966  -0.0084657
  0.8247240  -0.0075290
  0.8321262  -0.0066120
  0.8394004  -0.0057289
  0.8465437  -0.0048980
  0.8535534  -0.0041355
  0.8604268  -0.0034555
  0.8671613  -0.0028666
  0.8737542  -0.0023113
  0.8802030  -0.0017762
  0.8865052  -0.0012730
  0.8926585  -0.0008115
  0.8986603  -0.0004003
  0.9045085  -0.0000462
  0.9102007  0.0002462
  0.9157348  0.0004835
  0.9211086  0.0006781
  0.9263201  0.0008410
  0.9313672  0.0009815
  0.9362480  0.0011078
  0.9409606  0.0012243
  0.9455033  0.0012913
  0.9498741  0.0013065
  0.9540716  0.0012859
  0.9580940  0.0012429
  0.9619398  0.0011887
  0.9656075  0.0011319
  0.9690957  0.0010689
  0.9724030  0.0009840
  0.9755283  0.0008842
  0.9784702  0.0007762
  0.9812276  0.0006650
  0.9837995  0.0005548
  0.9861850  0.0004474
  0.9883829  0.0003359
  0.9903926  0.0002237
  0.9922133  0.0001156
  0.9938442  0.0000149
  0.9952847  -0.0000762
  0.9965342  -0.0001563
  0.9975924  -0.0002274
  0.9984587  -0.0002883
  0.9991328  -0.0003368
  0.9996145  -0.0003718
  0.9999036  -0.0003929
  1.0000000  -0.0004000
