HANCER LERX/GLOVE BLEND w=0.25: (1-w) NACA 0016-34 (four-digit modified) + w NLF(1)-0416 (sizing.py glove_airfoil_coords)
  1.0000000  0.0012000
  0.9999036  0.0012249
  0.9996145  0.0012997
  0.9991328  0.0014244
  0.9984587  0.0015991
  0.9975924  0.0018241
  0.9965342  0.0021002
  0.9952847  0.0024281
  0.9938442  0.0028078
  0.9922133  0.0032391
  0.9903926  0.0037213
  0.9883829  0.0042529
  0.9861850  0.0048318
  0.9837995  0.0054604
  0.9812276  0.0061382
  0.9784702  0.0068624
  0.9755283  0.0076289
  0.9724030  0.0084321
  0.9690957  0.0092695
  0.9656075  0.0101439
  0.9619398  0.0110532
  0.9580940  0.0119951
  0.9540716  0.0129672
  0.9498741  0.0139668
  0.9455033  0.0149929
  0.9409606  0.0160450
  0.9362480  0.0171229
  0.9313672  0.0182267
  0.9263201  0.0193569
  0.9211086  0.0205105
  0.9157348  0.0216855
  0.9102007  0.0228816
  0.9045085  0.0240985
  0.8986603  0.0253362
  0.8926585  0.0265936
  0.8865052  0.0278680
  0.8802030  0.0291582
  0.8737542  0.0304630
  0.8671613  0.0317811
  0.8604268  0.0331114
  0.8535534  0.0344518
  0.8465437  0.0358010
  0.8394004  0.0371578
  0.8321262  0.0385212
  0.8247240  0.0398902
  0.8171966  0.0412631
  0.8095470  0.0426383
  0.8017780  0.0440142
  0.7938926  0.0453894
  0.7858940  0.0467624
  0.7777851  0.0481318
  0.7695692  0.0494960
  0.7612493  0.0508538
  0.7528287  0.0522036
  0.7443106  0.0535440
  0.7356984  0.0548738
  0.7269952  0.0561917
  0.7182046  0.0574962
  0.7093299  0.0587859
  0.7003744  0.0600594
  0.6913417  0.0613153
  0.6822352  0.0625526
  0.6730585  0.0637702
  0.6638151  0.0649666
  0.6545085  0.0661403
  0.6451423  0.0672898
  0.6357202  0.0684141
  0.6262458  0.0695129
  0.6167227  0.0705845
  0.6071546  0.0716276
  0.5975452  0.0726407
  0.5878981  0.0736226
  0.5782172  0.0745739
  0.5685062  0.0754932
  0.5587687  0.0763788
  0.5490086  0.0772290
  0.5392295  0.0780424
  0.5294354  0.0788205
  0.5196299  0.0795624
  0.5098168  0.0802663
  0.5000000  0.0809302
  0.4901832  0.0815525
  0.4803701  0.0821365
  0.4705646  0.0826821
  0.4607705  0.0831856
  0.4509914  0.0836435
  0.4412313  0.0840525
  0.4314938  0.0844210
  0.4217828  0.0847499
  0.4121019  0.0850314
  0.4024548  0.0852576
  0.3928454  0.0854217
  0.3832773  0.0855463
  0.3737542  0.0856312
  0.3642798  0.0856571
  0.3548577  0.0856052
  0.3454915  0.0854611
  0.3361849  0.0852624
  0.3269415  0.0850236
  0.3177648  0.0847441
  0.3086583  0.0844233
  0.2996256  0.0840531
  0.2906701  0.0835961
  0.2817954  0.0830622
  0.2730048  0.0824681
  0.2643016  0.0818296
  0.2556894  0.0811487
  0.2471713  0.0804007
  0.2387507  0.0795918
  0.2304308  0.0787299
  0.2222149  0.0778224
  0.2141060  0.0768652
  0.2061074  0.0758497
  0.1982220  0.0747815
  0.1904530  0.0736660
  0.1828034  0.0725082
  0.1752760  0.0713023
  0.1678738  0.0700469
  0.1605996  0.0687467
  0.1534563  0.0674059
  0.1464466  0.0660277
  0.1395732  0.0646069
  0.1328387  0.0631457
  0.1262458  0.0616484
  0.1197970  0.0601191
  0.1134948  0.0585599
  0.1073415  0.0569676
  0.1013397  0.0553453
  0.0954915  0.0536966
  0.0897993  0.0520251
  0.0842652  0.0503313
  0.0788914  0.0486144
  0.0736799  0.0468781
  0.0686328  0.0451261
  0.0637520  0.0433621
  0.0590394  0.0415864
  0.0544967  0.0397997
  0.0501259  0.0380049
  0.0459284  0.0362050
  0.0419060  0.0344034
  0.0380602  0.0326015
  0.0343925  0.0308000
  0.0309043  0.0290007
  0.0275970  0.0272068
  0.0244717  0.0254232
  0.0215298  0.0236522
  0.0187724  0.0218917
  0.0162005  0.0201428
  0.0138150  0.0184094
  0.0116171  0.0167100
  0.0096074  0.0150382
  0.0077867  0.0133797
  0.0061558  0.0117340
  0.0047153  0.0101180
  0.0034658  0.0086142
  0.0024076  0.0071249
  0.0015413  0.0056071
  0.0008672  0.0041020
  0.0003855  0.0026537
  0.0000964  0.0011080
  0.0000000  0.0000000
  0.0000964  -0.0010499
  0.0003855  -0.0024726
  0.0008672  -0.0038986
  0.0015413  -0.0051914
  0.0024076  -0.0065139
  0.0034658  -0.0078270
  0.0047153  -0.0091149
  0.0061558  -0.0104025
  0.0077867  -0.0117630
  0.0096074  -0.0131616
  0.0116171  -0.0145724
  0.0138150  -0.0159929
  0.0162005  -0.0174247
  0.0187724  -0.0188756
  0.0215298  -0.0203527
  0.0244717  -0.0218435
  0.0275970  -0.0233441
  0.0309043  -0.0248519
  0.0343925  -0.0263651
  0.0380602  -0.0278827
  0.0419060  -0.0294037
  0.0459284  -0.0309256
  0.0501259  -0.0324458
  0.0544967  -0.0339618
  0.0590394  -0.0354714
  0.0637520  -0.0369741
  0.0686328  -0.0384689
  0.0736799  -0.0399531
  0.0788914  -0.0414239
  0.0842652  -0.0428789
  0.0897993  -0.0443164
  0.0954915  -0.0457373
  0.1013397  -0.0471390
  0.1073415  -0.0485187
  0.1134948  -0.0498735
  0.1197970  -0.0512012
  0.1262458  -0.0525036
  0.1328387  -0.0537789
  0.1395732  -0.0550244
  0.1464466  -0.0562375
  0.1534563  -0.0574155
  0.1605996  -0.0585608
  0.1678738  -0.0596729
  0.1752760  -0.0607489
  0.1828034  -0.0617856
  0.1904530  -0.0627801
  0.1982220  -0.0637345
  0.2061074  -0.0646512
  0.2141060  -0.0655272
  0.2222149  -0.0663591
  0.2304308  -0.0671437
  0.2387507  -0.0678829
  0.2471713  -0.0685840
  0.2556894  -0.0692425
  0.2643016  -0.0698530
  0.2730048  -0.0704102
  0.2817954  -0.0709126
  0.2906701  -0.0713739
  0.2996256  -0.0717946
  0.3086583  -0.0721730
  0.3177648  -0.0725077
  0.3269415  -0.0727964
  0.3361849  -0.0730328
  0.3454915  -0.0732190
  0.3548577  -0.0733592
  0.3642798  -0.0734580
  0.3737542  -0.0735196
  0.3832773  -0.0735344
  0.3928454  -0.0734998
  0.4024548  -0.0734199
  0.4121019  -0.0732985
  0.4217828  -0.0731392
  0.4314938  -0.0729367
  0.4412313  -0.0726867
  0.4509914  -0.0723914
  0.4607705  -0.0720528
  0.4705646  -0.0716732
  0.4803701  -0.0712520
  0.4901832  -0.0707853
  0.5000000  -0.0702732
  0.5098168  -0.0697155
  0.5196299  -0.0691124
  0.5294354  -0.0684631
  0.5392295  -0.0677654
  0.5490086  -0.0670181
  0.5587687  -0.0662203
  0.5685062  -0.0653711
  0.5782172  -0.0644645
  0.5878981  -0.0634909
  0.5975452  -0.0624593
  0.6071546  -0.0613797
  0.6167227  -0.0602619
  0.6262458  -0.0591077
  0.6357202  -0.0579002
  0.6451423  -0.0566506
  0.6545085  -0.0553721
  0.6638151  -0.0540776
  0.6730585  -0.0527781
  0.6822352  -0.0514617
  0.6913417  -0.0501283
  0.7003744  -0.0487845
  0.7093299  -0.0474369
  0.7182046  -0.0460916
  0.7269952  -0.0447505
  0.7356984  -0.0434058
  0.7443106  -0.0420609
  0.7528287  -0.0407198
  0.7612493  -0.0393864
  0.7695692  -0.0380642
  0.7777851  -0.0367522
  0.7858940  -0.0354435
  0.7938926  -0.0341429
  0.8017780  -0.0328551
  0.8095470  -0.0315846
  0.8171966  -0.0303354
  0.8247240  -0.0291065
  0.8321262  -0.0278846
  0.8394004  -0.0266757
  0.8465437  -0.0254870
  0.8535534  -0.0243250
  0.8604268  -0.0231955
  0.8671613  -0.0221026
  0.8737542  -0.0210282
  0.8802030  -0.0199690
  0.8865052  -0.0189299
  0.8926585  -0.0179153
  0.8986603  -0.0169292
  0.9045085  -0.0159748
  0.9102007  -0.0150548
  0.9157348  -0.0141681
  0.9211086  -0.0133114
  0.9263201  -0.0124821
  0.9313672  -0.0116780
  0.9362480  -0.0108975
  0.9409606  -0.0101399
  0.9455033  -0.0094193
  0.9498741  -0.0087375
  0.9540716  -0.0080898
  0.9580940  -0.0074728
  0.9619398  -0.0068833
  0.9656075  -0.0063194
  0.9690957  -0.0057829
  0.9724030  -0.0052798
  0.9755283  -0.0048084
  0.9784702  -0.0043671
  0.9812276  -0.0039548
  0.9837995  -0.0035707
  0.9861850  -0.0032147
  0.9883829  -0.0028896
  0.9903926  -0.0025946
  0.9922133  -0.0023287
  0.9938442  -0.0020912
  0.9952847  -0.0018815
  0.9965342  -0.0016995
  0.9975924  -0.0015462
  0.9984587  -0.0014214
  0.9991328  -0.0013245
  0.9996145  -0.0012553
  0.9999036  -0.0012138
  1.0000000  -0.0012000
