HANCER LERX/GLOVE BLEND w=0.00: (1-w) NACA 0016-34 (four-digit modified) + w NLF(1)-0416 (sizing.py glove_airfoil_coords)
  1.0000000  0.0016000
  0.9999036  0.0016243
  0.9996145  0.0016971
  0.9991328  0.0018184
  0.9984587  0.0019880
  0.9975924  0.0022056
  0.9965342  0.0024711
  0.9952847  0.0027841
  0.9938442  0.0031442
  0.9922133  0.0035509
  0.9903926  0.0040038
  0.9883829  0.0045023
  0.9861850  0.0050457
  0.9837995  0.0056334
  0.9812276  0.0062647
  0.9784702  0.0069387
  0.9755283  0.0076547
  0.9724030  0.0084117
  0.9690957  0.0092088
  0.9656075  0.0100451
  0.9619398  0.0109193
  0.9580940  0.0118306
  0.9540716  0.0127777
  0.9498741  0.0137594
  0.9455033  0.0147746
  0.9409606  0.0158219
  0.9362480  0.0169001
  0.9313672  0.0180078
  0.9263201  0.0191436
  0.9211086  0.0203061
  0.9157348  0.0214939
  0.9102007  0.0227054
  0.9045085  0.0239391
  0.8986603  0.0251936
  0.8926585  0.0264672
  0.8865052  0.0277583
  0.8802030  0.0290654
  0.8737542  0.0303867
  0.8671613  0.0317206
  0.8604268  0.0330656
  0.8535534  0.0344198
  0.8465437  0.0357815
  0.8394004  0.0371492
  0.8321262  0.0385210
  0.8247240  0.0398952
  0.8171966  0.0412702
  0.8095470  0.0426442
  0.8017780  0.0440155
  0.7938926  0.0453824
  0.7858940  0.0467432
  0.7777851  0.0480962
  0.7695692  0.0494397
  0.7612493  0.0507720
  0.7528287  0.0520915
  0.7443106  0.0533966
  0.7356984  0.0546857
  0.7269952  0.0559571
  0.7182046  0.0572093
  0.7093299  0.0584409
  0.7003744  0.0596502
  0.6913417  0.0608358
  0.6822352  0.0619963
  0.6730585  0.0631303
  0.6638151  0.0642364
  0.6545085  0.0653133
  0.6451423  0.0663598
  0.6357202  0.0673746
  0.6262458  0.0683566
  0.6167227  0.0693045
  0.6071546  0.0702174
  0.5975452  0.0710942
  0.5878981  0.0719340
  0.5782172  0.0727358
  0.5685062  0.0734987
  0.5587687  0.0742220
  0.5490086  0.0749049
  0.5392295  0.0755468
  0.5294354  0.0761471
  0.5196299  0.0767051
  0.5098168  0.0772204
  0.5000000  0.0776926
  0.4901832  0.0781213
  0.4803701  0.0785063
  0.4705646  0.0788473
  0.4607705  0.0791441
  0.4509914  0.0793967
  0.4412313  0.0796051
  0.4314938  0.0797694
  0.4217828  0.0798896
  0.4121019  0.0799659
  0.4024548  0.0799986
  0.3928454  0.0799879
  0.3832773  0.0799333
  0.3737542  0.0798338
  0.3642798  0.0796884
  0.3548577  0.0794964
  0.3454915  0.0792570
  0.3361849  0.0789697
  0.3269415  0.0786339
  0.3177648  0.0782491
  0.3086583  0.0778151
  0.2996256  0.0773317
  0.2906701  0.0767987
  0.2817954  0.0762161
  0.2730048  0.0755840
  0.2643016  0.0749027
  0.2556894  0.0741723
  0.2471713  0.0733934
  0.2387507  0.0725665
  0.2304308  0.0716921
  0.2222149  0.0707711
  0.2141060  0.0698041
  0.2061074  0.0687922
  0.1982220  0.0677364
  0.1904530  0.0666378
  0.1828034  0.0654976
  0.1752760  0.0643172
  0.1678738  0.0630978
  0.1605996  0.0618409
  0.1534563  0.0605482
  0.1464466  0.0592212
  0.1395732  0.0578616
  0.1328387  0.0564712
  0.1262458  0.0550517
  0.1197970  0.0536051
  0.1134948  0.0521333
  0.1073415  0.0506382
  0.1013397  0.0491218
  0.0954915  0.0475862
  0.0897993  0.0460334
  0.0842652  0.0444655
  0.0788914  0.0428846
  0.0736799  0.0412928
  0.0686328  0.0396923
  0.0637520  0.0380851
  0.0590394  0.0364733
  0.0544967  0.0348591
  0.0501259  0.0332444
  0.0459284  0.0316314
  0.0419060  0.0300221
  0.0380602  0.0284183
  0.0343925  0.0268221
  0.0309043  0.0252353
  0.0275970  0.0236598
  0.0244717  0.0220972
  0.0215298  0.0205493
  0.0187724  0.0190178
  0.0162005  0.0175042
  0.0138150  0.0160099
  0.0116171  0.0145363
  0.0096074  0.0130848
  0.0077867  0.0116565
  0.0061558  0.0102526
  0.0047153  0.0088742
  0.0034658  0.0075220
  0.0024076  0.0061969
  0.0015413  0.0048998
  0.0008672  0.0036310
  0.0003855  0.0023913
  0.0000964  0.0011808
  0.0000000  0.0000000
  0.0000964  -0.0011808
  0.0003855  -0.0023913
  0.0008672  -0.0036310
  0.0015413  -0.0048998
  0.0024076  -0.0061969
  0.0034658  -0.0075220
  0.0047153  -0.0088742
  0.0061558  -0.0102526
  0.0077867  -0.0116565
  0.0096074  -0.0130848
  0.0116171  -0.0145363
  0.0138150  -0.0160099
  0.0162005  -0.0175042
  0.0187724  -0.0190178
  0.0215298  -0.0205493
  0.0244717  -0.0220972
  0.0275970  -0.0236598
  0.0309043  -0.0252353
  0.0343925  -0.0268221
  0.0380602  -0.0284183
  0.0419060  -0.0300221
  0.0459284  -0.0316314
  0.0501259  -0.0332444
  0.0544967  -0.0348591
  0.0590394  -0.0364733
  0.0637520  -0.0380851
  0.0686328  -0.0396923
  0.0736799  -0.0412928
  0.0788914  -0.0428846
  0.0842652  -0.0444655
  0.0897993  -0.0460334
  0.0954915  -0.0475862
  0.1013397  -0.0491218
  0.1073415  -0.0506382
  0.1134948  -0.0521333
  0.1197970  -0.0536051
  0.1262458  -0.0550517
  0.1328387  -0.0564712
  0.1395732  -0.0578616
  0.1464466  -0.0592212
  0.1534563  -0.0605482
  0.1605996  -0.0618409
  0.1678738  -0.0630978
  0.1752760  -0.0643172
  0.1828034  -0.0654976
  0.1904530  -0.0666378
  0.1982220  -0.0677364
  0.2061074  -0.0687922
  0.2141060  -0.0698041
  0.2222149  -0.0707711
  0.2304308  -0.0716921
  0.2387507  -0.0725665
  0.2471713  -0.0733934
  0.2556894  -0.0741723
  0.2643016  -0.0749027
  0.2730048  -0.0755840
  0.2817954  -0.0762161
  0.2906701  -0.0767987
  0.2996256  -0.0773317
  0.3086583  -0.0778151
  0.3177648  -0.0782491
  0.3269415  -0.0786339
  0.3361849  -0.0789697
  0.3454915  -0.0792570
  0.3548577  -0.0794964
  0.3642798  -0.0796884
  0.3737542  -0.0798338
  0.3832773  -0.0799333
  0.3928454  -0.0799879
  0.4024548  -0.0799986
  0.4121019  -0.0799659
  0.4217828  -0.0798896
  0.4314938  -0.0797694
  0.4412313  -0.0796051
  0.4509914  -0.0793967
  0.4607705  -0.0791441
  0.4705646  -0.0788473
  0.4803701  -0.0785063
  0.4901832  -0.0781213
  0.5000000  -0.0776926
  0.5098168  -0.0772204
  0.5196299  -0.0767051
  0.5294354  -0.0761471
  0.5392295  -0.0755468
  0.5490086  -0.0749049
  0.5587687  -0.0742220
  0.5685062  -0.0734987
  0.5782172  -0.0727358
  0.5878981  -0.0719340
  0.5975452  -0.0710942
  0.6071546  -0.0702174
  0.6167227  -0.0693045
  0.6262458  -0.0683566
  0.6357202  -0.0673746
  0.6451423  -0.0663598
  0.6545085  -0.0653133
  0.6638151  -0.0642364
  0.6730585  -0.0631303
  0.6822352  -0.0619963
  0.6913417  -0.0608358
  0.7003744  -0.0596502
  0.7093299  -0.0584409
  0.7182046  -0.0572093
  0.7269952  -0.0559571
  0.7356984  -0.0546857
  0.7443106  -0.0533966
  0.7528287  -0.0520915
  0.7612493  -0.0507720
  0.7695692  -0.0494397
  0.7777851  -0.0480962
  0.7858940  -0.0467432
  0.7938926  -0.0453824
  0.8017780  -0.0440155
  0.8095470  -0.0426442
  0.8171966  -0.0412702
  0.8247240  -0.0398952
  0.8321262  -0.0385210
  0.8394004  -0.0371492
  0.8465437  -0.0357815
  0.8535534  -0.0344198
  0.8604268  -0.0330656
  0.8671613  -0.0317206
  0.8737542  -0.0303867
  0.8802030  -0.0290654
  0.8865052  -0.0277583
  0.8926585  -0.0264672
  0.8986603  -0.0251936
  0.9045085  -0.0239391
  0.9102007  -0.0227054
  0.9157348  -0.0214939
  0.9211086  -0.0203061
  0.9263201  -0.0191436
  0.9313672  -0.0180078
  0.9362480  -0.0169001
  0.9409606  -0.0158219
  0.9455033  -0.0147746
  0.9498741  -0.0137594
  0.9540716  -0.0127777
  0.9580940  -0.0118306
  0.9619398  -0.0109193
  0.9656075  -0.0100451
  0.9690957  -0.0092088
  0.9724030  -0.0084117
  0.9755283  -0.0076547
  0.9784702  -0.0069387
  0.9812276  -0.0062647
  0.9837995  -0.0056334
  0.9861850  -0.0050457
  0.9883829  -0.0045023
  0.9903926  -0.0040038
  0.9922133  -0.0035509
  0.9938442  -0.0031442
  0.9952847  -0.0027841
  0.9965342  -0.0024711
  0.9975924  -0.0022056
  0.9984587  -0.0019880
  0.9991328  -0.0018184
  0.9996145  -0.0016971
  0.9999036  -0.0016243
  1.0000000  -0.0016000
