HANCER LERX/GLOVE BLEND w=0.50: (1-w) NACA 0016-34 (four-digit modified) + w NLF(1)-0416 (sizing.py glove_airfoil_coords)
  1.0000000  0.0008000
  0.9999036  0.0008256
  0.9996145  0.0009023
  0.9991328  0.0010304
  0.9984587  0.0012102
  0.9975924  0.0014426
  0.9965342  0.0017294
  0.9952847  0.0020722
  0.9938442  0.0024715
  0.9922133  0.0029274
  0.9903926  0.0034389
  0.9883829  0.0040036
  0.9861850  0.0046179
  0.9837995  0.0052873
  0.9812276  0.0060117
  0.9784702  0.0067861
  0.9755283  0.0076030
  0.9724030  0.0084524
  0.9690957  0.0093301
  0.9656075  0.0102426
  0.9619398  0.0111870
  0.9580940  0.0121596
  0.9540716  0.0131566
  0.9498741  0.0141741
  0.9455033  0.0152112
  0.9409606  0.0162681
  0.9362480  0.0173457
  0.9313672  0.0184456
  0.9263201  0.0195702
  0.9211086  0.0207148
  0.9157348  0.0218772
  0.9102007  0.0230578
  0.9045085  0.0242578
  0.8986603  0.0254787
  0.8926585  0.0267200
  0.8865052  0.0279778
  0.8802030  0.0292511
  0.8737542  0.0305393
  0.8671613  0.0318416
  0.8604268  0.0331572
  0.8535534  0.0344838
  0.8465437  0.0358204
  0.8394004  0.0371665
  0.8321262  0.0385215
  0.8247240  0.0398851
  0.8171966  0.0412560
  0.8095470  0.0426324
  0.8017780  0.0440129
  0.7938926  0.0453965
  0.7858940  0.0467817
  0.7777851  0.0481674
  0.7695692  0.0495524
  0.7612493  0.0509355
  0.7528287  0.0523156
  0.7443106  0.0536915
  0.7356984  0.0550620
  0.7269952  0.0564262
  0.7182046  0.0577830
  0.7093299  0.0591309
  0.7003744  0.0604686
  0.6913417  0.0617947
  0.6822352  0.0631088
  0.6730585  0.0644101
  0.6638151  0.0656968
  0.6545085  0.0669673
  0.6451423  0.0682199
  0.6357202  0.0694536
  0.6262458  0.0706691
  0.6167227  0.0718645
  0.6071546  0.0730379
  0.5975452  0.0741872
  0.5878981  0.0753113
  0.5782172  0.0764121
  0.5685062  0.0774877
  0.5587687  0.0785356
  0.5490086  0.0795531
  0.5392295  0.0805380
  0.5294354  0.0814939
  0.5196299  0.0824198
  0.5098168  0.0833122
  0.5000000  0.0841679
  0.4901832  0.0849837
  0.4803701  0.0857668
  0.4705646  0.0865170
  0.4607705  0.0872271
  0.4509914  0.0878903
  0.4412313  0.0884999
  0.4314938  0.0890726
  0.4217828  0.0896103
  0.4121019  0.0900969
  0.4024548  0.0905166
  0.3928454  0.0908555
  0.3832773  0.0911592
  0.3737542  0.0914285
  0.3642798  0.0916257
  0.3548577  0.0917141
  0.3454915  0.0916652
  0.3361849  0.0915550
  0.3269415  0.0914133
  0.3177648  0.0912391
  0.3086583  0.0910314
  0.2996256  0.0907744
  0.2906701  0.0903936
  0.2817954  0.0899083
  0.2730048  0.0893521
  0.2643016  0.0887565
  0.2556894  0.0881250
  0.2471713  0.0874079
  0.2387507  0.0866171
  0.2304308  0.0857676
  0.2222149  0.0848738
  0.2141060  0.0839262
  0.2061074  0.0829071
  0.1982220  0.0818266
  0.1904530  0.0806942
  0.1828034  0.0795188
  0.1752760  0.0782874
  0.1678738  0.0769961
  0.1605996  0.0756524
  0.1534563  0.0742635
  0.1464466  0.0728341
  0.1395732  0.0713522
  0.1328387  0.0698202
  0.1262458  0.0682450
  0.1197970  0.0666330
  0.1134948  0.0649864
  0.1073415  0.0632970
  0.1013397  0.0615688
  0.0954915  0.0598070
  0.0897993  0.0580168
  0.0842652  0.0561971
  0.0788914  0.0543442
  0.0736799  0.0524634
  0.0686328  0.0505599
  0.0637520  0.0486392
  0.0590394  0.0466994
  0.0544967  0.0447403
  0.0501259  0.0427653
  0.0459284  0.0407786
  0.0419060  0.0387848
  0.0380602  0.0367847
  0.0343925  0.0347778
  0.0309043  0.0327661
  0.0275970  0.0307538
  0.0244717  0.0287492
  0.0215298  0.0267551
  0.0187724  0.0247656
  0.0162005  0.0227815
  0.0138150  0.0208089
  0.0116171  0.0188837
  0.0096074  0.0169916
  0.0077867  0.0151029
  0.0061558  0.0132154
  0.0047153  0.0113619
  0.0034658  0.0097064
  0.0024076  0.0080528
  0.0015413  0.0063144
  0.0008672  0.0045730
  0.0003855  0.0029161
  0.0000964  0.0010353
  0.0000000  0.0000000
  0.0000964  -0.0009189
  0.0003855  -0.0025540
  0.0008672  -0.0041662
  0.0015413  -0.0054831
  0.0024076  -0.0068308
  0.0034658  -0.0081321
  0.0047153  -0.0093556
  0.0061558  -0.0105523
  0.0077867  -0.0118695
  0.0096074  -0.0132384
  0.0116171  -0.0146086
  0.0138150  -0.0159759
  0.0162005  -0.0173453
  0.0187724  -0.0187334
  0.0215298  -0.0201560
  0.0244717  -0.0215899
  0.0275970  -0.0230285
  0.0309043  -0.0244685
  0.0343925  -0.0259081
  0.0380602  -0.0273470
  0.0419060  -0.0287853
  0.0459284  -0.0302198
  0.0501259  -0.0316471
  0.0544967  -0.0330644
  0.0590394  -0.0344696
  0.0637520  -0.0358632
  0.0686328  -0.0372456
  0.0736799  -0.0386133
  0.0788914  -0.0399632
  0.0842652  -0.0412922
  0.0897993  -0.0425994
  0.0954915  -0.0438884
  0.1013397  -0.0451562
  0.1073415  -0.0463991
  0.1134948  -0.0476137
  0.1197970  -0.0487973
  0.1262458  -0.0499554
  0.1328387  -0.0510866
  0.1395732  -0.0521873
  0.1464466  -0.0532538
  0.1534563  -0.0542828
  0.1605996  -0.0552807
  0.1678738  -0.0562480
  0.1752760  -0.0571806
  0.1828034  -0.0580736
  0.1904530  -0.0589223
  0.1982220  -0.0597325
  0.2061074  -0.0605102
  0.2141060  -0.0612502
  0.2222149  -0.0619471
  0.2304308  -0.0625953
  0.2387507  -0.0631993
  0.2471713  -0.0637746
  0.2556894  -0.0643126
  0.2643016  -0.0648033
  0.2730048  -0.0652363
  0.2817954  -0.0656090
  0.2906701  -0.0659492
  0.2996256  -0.0662575
  0.3086583  -0.0665309
  0.3177648  -0.0667663
  0.3269415  -0.0669590
  0.3361849  -0.0670959
  0.3454915  -0.0671809
  0.3548577  -0.0672220
  0.3642798  -0.0672276
  0.3737542  -0.0672054
  0.3832773  -0.0671354
  0.3928454  -0.0670116
  0.4024548  -0.0668411
  0.4121019  -0.0666312
  0.4217828  -0.0663888
  0.4314938  -0.0661040
  0.4412313  -0.0657683
  0.4509914  -0.0653860
  0.4607705  -0.0649614
  0.4705646  -0.0644992
  0.4803701  -0.0639977
  0.4901832  -0.0634493
  0.5000000  -0.0628537
  0.5098168  -0.0622106
  0.5196299  -0.0615197
  0.5294354  -0.0607792
  0.5392295  -0.0599839
  0.5490086  -0.0591312
  0.5587687  -0.0582185
  0.5685062  -0.0572435
  0.5782172  -0.0561933
  0.5878981  -0.0550478
  0.5975452  -0.0538243
  0.6071546  -0.0525420
  0.6167227  -0.0512192
  0.6262458  -0.0498588
  0.6357202  -0.0484259
  0.6451423  -0.0469414
  0.6545085  -0.0454308
  0.6638151  -0.0439188
  0.6730585  -0.0424259
  0.6822352  -0.0409271
  0.6913417  -0.0394207
  0.7003744  -0.0379189
  0.7093299  -0.0364330
  0.7182046  -0.0349739
  0.7269952  -0.0335438
  0.7356984  -0.0321259
  0.7443106  -0.0307251
  0.7528287  -0.0293481
  0.7612493  -0.0280008
  0.7695692  -0.0266888
  0.7777851  -0.0254082
  0.7858940  -0.0241438
  0.7938926  -0.0229034
  0.8017780  -0.0216947
  0.8095470  -0.0205249
  0.8171966  -0.0194005
  0.8247240  -0.0183177
  0.8321262  -0.0172483
  0.8394004  -0.0162023
  0.8465437  -0.0151925
  0.8535534  -0.0142302
  0.8604268  -0.0133255
  0.8671613  -0.0124846
  0.8737542  -0.0116698
  0.8802030  -0.0108726
  0.8865052  -0.0101014
  0.8926585  -0.0093634
  0.8986603  -0.0086647
  0.9045085  -0.0080105
  0.9102007  -0.0074043
  0.9157348  -0.0068423
  0.9211086  -0.0063166
  0.9263201  -0.0058206
  0.9313672  -0.0053483
  0.9362480  -0.0048949
  0.9409606  -0.0044578
  0.9455033  -0.0040640
  0.9498741  -0.0037155
  0.9540716  -0.0034020
  0.9580940  -0.0031149
  0.9619398  -0.0028473
  0.9656075  -0.0025938
  0.9690957  -0.0023570
  0.9724030  -0.0021479
  0.9755283  -0.0019621
  0.9784702  -0.0017954
  0.9812276  -0.0016449
  0.9837995  -0.0015079
  0.9861850  -0.0013837
  0.9883829  -0.0012769
  0.9903926  -0.0011854
  0.9922133  -0.0011065
  0.9938442  -0.0010381
  0.9952847  -0.0009788
  0.9965342  -0.0009279
  0.9975924  -0.0008868
  0.9984587  -0.0008548
  0.9991328  -0.0008306
  0.9996145  -0.0008136
  0.9999036  -0.0008034
  1.0000000  -0.0008000
